 33, 53, 15  // 0 (BkGnd Spec)
 33, 53, 15 // 1 (BkGnd Scope)
 34, 189, 3  // 2 (Spec Top)
 34, 189, 3  // 3
 34, 189, 3  // 4
 34, 189, 3  // 5
 34, 189, 3  // 6
 34, 189, 3  // 7
 34, 189, 3  // 8
 34, 189, 3  // 9  (Spec Middle)
 34, 189, 3  // 10
 34, 189, 3  // 11
 34, 189, 3  // 12
 34, 189, 3  // 13
 34, 189, 3  // 14
 34, 189, 3  // 15
 34, 189, 3  // 16
 34, 189, 3  // 17 (Spec Bottom)
 34, 189, 3  // 18 (scope 1)
 34, 189, 3  // 19 (scope 2)
 34, 189, 3  // 20 (scope 3)
 34, 189, 3  // 21 (scope 4)
 34, 189, 3  // 22 (Scope 5)

