0,0,0         // 0  (display bg)
0,0,0         // 1  (display fg)
0,34,68       // 2  (top of spec)
32,64,96      // 3
64,100,136    // 4
104,136,168   // 5
128,162,196   // 6
128,164,200   // 7
136,168,200   // 8
144,172,200   // 9
146,173,203   // 10
136,168,200   // 11
136,164,200   // 12
128,160,200   // 13
126,158,194   // 14
80,124,168    // 15
40,96,152     // 16
0,64,128      // 17 (bottom of spec)
0,51,102      // 18 (osc bright)
96,136,176    // 19
189,222,255   // 20
208,232,255   // 21
219,237,255   // 22 (orc dark)
219,237,255   // 23 (peaks)
