 0, 20, 0  // 0
 0, 20, 0  // 1
 230, 245, 215  // 2
 215, 230, 200  // 3
 200, 215, 185  // 4
 185, 200, 170  // 5
 170, 185, 155  // 6
 155, 170, 140  // 7
 140, 155, 125  // 8
 125, 140, 110  // 9
 110, 125, 95  // 10
 95, 110, 80  // 11
 80, 95, 65  // 12
 65, 80, 50  // 13
 50, 65, 35  // 14
 35, 50, 25  // 15
 20, 35, 10  // 16
 0, 20, 0  // 17
 255, 255, 255  // 18
 143, 143, 143  // 19
 96, 99, 99  // 20
 67, 70, 73  // 21
 38, 35, 32  // 22
2
5  // 22
, 55  // 22
/ 22
 = osc 5 (dimmest)
